00001_TE_2096x1400_8bit_sRGB.png_0.12 0 -76 -76 
00001_TE_2096x1400_8bit_sRGB.png_0.25 1 -335 -335 
00001_TE_2096x1400_8bit_sRGB.png_0.5 1 63 63 
00001_TE_2096x1400_8bit_sRGB.png_0.75 2 -191 -191 
00001_TE_2096x1400_8bit_sRGB.png_1.0 2 0 0 
00002_TE_2144x1424_8bit_sRGB.png_0.12 0 106 106 
00002_TE_2144x1424_8bit_sRGB.png_0.25 1 -114 -114 
00002_TE_2144x1424_8bit_sRGB.png_0.5 2 -355 -355 
00002_TE_2144x1424_8bit_sRGB.png_0.75 2 -61 -61 
00002_TE_2144x1424_8bit_sRGB.png_1.0 2 54 54 
00003_TE_1944x1296_8bit_sRGB.png_0.12 1 -397 -397 
00003_TE_1944x1296_8bit_sRGB.png_0.25 1 26 26 
00003_TE_1944x1296_8bit_sRGB.png_0.5 2 -35 -35 
00003_TE_1944x1296_8bit_sRGB.png_0.75 2 178 178 
00003_TE_1944x1296_8bit_sRGB.png_1.0 3 -137 -137 
00004_TE_1808x1352_8bit_sRGB.png_0.12 0 0 0 
00004_TE_1808x1352_8bit_sRGB.png_0.25 1 -237 -237 
00004_TE_1808x1352_8bit_sRGB.png_0.5 1 108 108 
00004_TE_1808x1352_8bit_sRGB.png_0.75 2 -238 -238 
00004_TE_1808x1352_8bit_sRGB.png_1.0 2 -4 -4 
00005_TE_1336x872_8bit_sRGB.png_0.12 1 -179 -179 
00005_TE_1336x872_8bit_sRGB.png_0.25 2 -339 -339 
00005_TE_1336x872_8bit_sRGB.png_0.5 2 83 83 
00005_TE_1336x872_8bit_sRGB.png_0.75 3 -208 -208 
00005_TE_1336x872_8bit_sRGB.png_1.0 3 0 0 
00006_TE_1544x1120_8bit_sRGB.png_0.12 0 16 16 
00006_TE_1544x1120_8bit_sRGB.png_0.25 1 -153 -153 
00006_TE_1544x1120_8bit_sRGB.png_0.5 2 -350 -350 
00006_TE_1544x1120_8bit_sRGB.png_0.75 2 0 0 
00006_TE_1544x1120_8bit_sRGB.png_1.0 3 -332 -332 
00007_TE_1472x976_8bit_sRGB.png_0.12 0 100 100 
00007_TE_1472x976_8bit_sRGB.png_0.25 1 0 0 
00007_TE_1472x976_8bit_sRGB.png_0.5 2 -162 -162 
00007_TE_1472x976_8bit_sRGB.png_0.75 2 23 23 
00007_TE_1472x976_8bit_sRGB.png_1.0 3 -271 -271 
00008_TE_1912x1272_8bit_sRGB.png_0.12 0 178 178 
00008_TE_1912x1272_8bit_sRGB.png_0.25 1 -92 -92 
00008_TE_1912x1272_8bit_sRGB.png_0.5 2 -369 -369 
00008_TE_1912x1272_8bit_sRGB.png_0.75 2 -58 -58 
00008_TE_1912x1272_8bit_sRGB.png_1.0 2 82 82 
00009_TE_1976x1312_8bit_sRGB.png_0.12 0 -240 -240 
00009_TE_1976x1312_8bit_sRGB.png_0.25 0 110 110 
00009_TE_1976x1312_8bit_sRGB.png_0.5 1 -103 -103 
00009_TE_1976x1312_8bit_sRGB.png_0.75 1 100 100 
00009_TE_1976x1312_8bit_sRGB.png_1.0 2 -313 -313 
00010_TE_1744x1160_8bit_sRGB.png_0.12 0 -126 -126 
00010_TE_1744x1160_8bit_sRGB.png_0.25 1 -318 -318 
00010_TE_1744x1160_8bit_sRGB.png_0.5 1 47 47 
00010_TE_1744x1160_8bit_sRGB.png_0.75 2 -235 -235 
00010_TE_1744x1160_8bit_sRGB.png_1.0 2 -10 -10 
00011_TE_1512x2016_8bit_sRGB.png_0.12 0 162 162 
00011_TE_1512x2016_8bit_sRGB.png_0.25 1 -133 -133 
00011_TE_1512x2016_8bit_sRGB.png_0.5 1 181 181 
00011_TE_1512x2016_8bit_sRGB.png_0.75 2 -166 -166 
00011_TE_1512x2016_8bit_sRGB.png_1.0 2 0 0 
00012_TE_1920x1280_8bit_sRGB.png_0.12 0 0 0 
00012_TE_1920x1280_8bit_sRGB.png_0.25 1 -84 -84 
00012_TE_1920x1280_8bit_sRGB.png_0.5 2 -255 -255 
00012_TE_1920x1280_8bit_sRGB.png_0.75 2 0 0 
00012_TE_1920x1280_8bit_sRGB.png_1.0 3 -333 -333 
00013_TE_3680x2456_8bit_sRGB.png_0.12 1 -350 -350 
00013_TE_3680x2456_8bit_sRGB.png_0.25 1 38 38 
00013_TE_3680x2456_8bit_sRGB.png_0.5 2 -55 -55 
00013_TE_3680x2456_8bit_sRGB.png_0.75 2 152 152 
00013_TE_3680x2456_8bit_sRGB.png_1.0 3 -134 -134 
00014_TE_3680x2456_8bit_sRGB.png_0.12 1 -353 -353 
00014_TE_3680x2456_8bit_sRGB.png_0.25 1 62 62 
00014_TE_3680x2456_8bit_sRGB.png_0.5 2 0 0 
00014_TE_3680x2456_8bit_sRGB.png_0.75 3 -327 -327 
00014_TE_3680x2456_8bit_sRGB.png_1.0 3 -90 -90 
00015_TE_1744x2000_8bit_sRGB.png_0.12 1 -176 -176 
00015_TE_1744x2000_8bit_sRGB.png_0.25 1 170 170 
00015_TE_1744x2000_8bit_sRGB.png_0.5 2 -81 -81 
00015_TE_1744x2000_8bit_sRGB.png_0.75 2 89 89 
00015_TE_1744x2000_8bit_sRGB.png_1.0 3 -340 -340 
00016_TE_1192x832_8bit_sRGB.png_0.12 0 -32 -32 
00016_TE_1192x832_8bit_sRGB.png_0.25 1 -233 -233 
00016_TE_1192x832_8bit_sRGB.png_0.5 1 156 156 
00016_TE_1192x832_8bit_sRGB.png_0.75 2 -118 -118 
00016_TE_1192x832_8bit_sRGB.png_1.0 2 0 0 
00017_TE_1280x848_8bit_sRGB.png_0.12 0 -21 -21 
00017_TE_1280x848_8bit_sRGB.png_0.25 1 -315 -315 
00017_TE_1280x848_8bit_sRGB.png_0.5 1 58 58 
00017_TE_1280x848_8bit_sRGB.png_0.75 2 -257 -257 
00017_TE_1280x848_8bit_sRGB.png_1.0 2 0 0 
00018_TE_3032x1856_8bit_sRGB.png_0.12 0 -129 -129 
00018_TE_3032x1856_8bit_sRGB.png_0.25 1 -370 -370 
00018_TE_3032x1856_8bit_sRGB.png_0.5 1 0 0 
00018_TE_3032x1856_8bit_sRGB.png_0.75 2 -310 -310 
00018_TE_3032x1856_8bit_sRGB.png_1.0 2 -99 -99 
00019_TE_1920x1080_8bit_sRGB.png_0.12 0 0 0 
00019_TE_1920x1080_8bit_sRGB.png_0.25 1 -100 -100 
00019_TE_1920x1080_8bit_sRGB.png_0.5 2 -234 -234 
00019_TE_1920x1080_8bit_sRGB.png_0.75 2 0 0 
00019_TE_1920x1080_8bit_sRGB.png_1.0 3 -282 -282 
00020_TE_3680x2456_8bit_sRGB.png_0.12 0 0 0 
00020_TE_3680x2456_8bit_sRGB.png_0.25 1 -164 -164 
00020_TE_3680x2456_8bit_sRGB.png_0.5 2 -372 -372 
00020_TE_3680x2456_8bit_sRGB.png_0.75 2 -70 -70 
00020_TE_3680x2456_8bit_sRGB.png_1.0 2 41 41 
00021_TE_2192x1520_8bit_sRGB.png_0.12 0 -32 -32 
00021_TE_2192x1520_8bit_sRGB.png_0.25 1 -298 -298 
00021_TE_2192x1520_8bit_sRGB.png_0.5 1 67 67 
00021_TE_2192x1520_8bit_sRGB.png_0.75 2 -231 -231 
00021_TE_2192x1520_8bit_sRGB.png_1.0 2 0 0 
00022_TE_1248x832_8bit_sRGB.png_0.12 0 4 4 
00022_TE_1248x832_8bit_sRGB.png_0.25 1 -156 -156 
00022_TE_1248x832_8bit_sRGB.png_0.5 2 -389 -389 
00022_TE_1248x832_8bit_sRGB.png_0.75 2 -80 -80 
00022_TE_1248x832_8bit_sRGB.png_1.0 2 32 32 
00023_TE_2464x1640_8bit_sRGB.png_0.12 1 -431 -431 
00023_TE_2464x1640_8bit_sRGB.png_0.25 1 0 0 
00023_TE_2464x1640_8bit_sRGB.png_0.5 2 -248 -248 
00023_TE_2464x1640_8bit_sRGB.png_0.75 2 0 0 
00023_TE_2464x1640_8bit_sRGB.png_1.0 2 157 157 
00024_TE_1536x1024_8bit_sRGB.png_0.12 0 -97 -97 
00024_TE_1536x1024_8bit_sRGB.png_0.25 1 -385 -385 
00024_TE_1536x1024_8bit_sRGB.png_0.5 1 0 0 
00024_TE_1536x1024_8bit_sRGB.png_0.75 2 -351 -351 
00024_TE_1536x1024_8bit_sRGB.png_1.0 2 -101 -101 
00025_TE_1984x1320_8bit_sRGB.png_0.12 0 165 165 
00025_TE_1984x1320_8bit_sRGB.png_0.25 1 0 0 
00025_TE_1984x1320_8bit_sRGB.png_0.5 2 -155 -155 
00025_TE_1984x1320_8bit_sRGB.png_0.75 2 42 42 
00025_TE_1984x1320_8bit_sRGB.png_1.0 3 -277 -277 
00026_TE_1784x1296_8bit_sRGB.png_0.12 0 68 68 
00026_TE_1784x1296_8bit_sRGB.png_0.25 1 0 0 
00026_TE_1784x1296_8bit_sRGB.png_0.5 2 -183 -183 
00026_TE_1784x1296_8bit_sRGB.png_0.75 2 21 21 
00026_TE_1784x1296_8bit_sRGB.png_1.0 3 -265 -265 
00027_TE_3680x2456_8bit_sRGB.png_0.12 0 -298 -298 
00027_TE_3680x2456_8bit_sRGB.png_0.25 0 37 37 
00027_TE_3680x2456_8bit_sRGB.png_0.5 1 -193 -193 
00027_TE_3680x2456_8bit_sRGB.png_0.75 1 7 7 
00027_TE_3680x2456_8bit_sRGB.png_1.0 2 -415 -415 
00028_TE_800x1200_8bit_sRGB.png_0.12 1 -273 -273 
00028_TE_800x1200_8bit_sRGB.png_0.25 1 133 133 
00028_TE_800x1200_8bit_sRGB.png_0.5 2 -29 -29 
00028_TE_800x1200_8bit_sRGB.png_0.75 2 151 151 
00028_TE_800x1200_8bit_sRGB.png_1.0 3 -167 -167 
00029_TE_976x1472_8bit_sRGB.png_0.12 0 113 113 
00029_TE_976x1472_8bit_sRGB.png_0.25 1 0 0 
00029_TE_976x1472_8bit_sRGB.png_0.5 2 -103 -103 
00029_TE_976x1472_8bit_sRGB.png_0.75 2 96 96 
00029_TE_976x1472_8bit_sRGB.png_1.0 3 -222 -222 
00030_TE_560x888_8bit_sRGB.png_0.12 1 -404 -404 
00030_TE_560x888_8bit_sRGB.png_0.25 1 0 0 
00030_TE_560x888_8bit_sRGB.png_0.5 2 -162 -162 
00030_TE_560x888_8bit_sRGB.png_0.75 2 20 20 
00030_TE_560x888_8bit_sRGB.png_1.0 3 -314 -314 
00031_TE_1752x1856_8bit_sRGB.png_0.12 1 -188 -188 
00031_TE_1752x1856_8bit_sRGB.png_0.25 2 -389 -389 
00031_TE_1752x1856_8bit_sRGB.png_0.5 2 0 0 
00031_TE_1752x1856_8bit_sRGB.png_0.75 3 -298 -298 
00031_TE_1752x1856_8bit_sRGB.png_1.0 3 -88 -88 
00032_TE_7680x5120_8bit_sRGB.png_0.12 0 -85 -85 
00032_TE_7680x5120_8bit_sRGB.png_0.25 1 -379 -379 
00032_TE_7680x5120_8bit_sRGB.png_0.5 1 0 0 
00032_TE_7680x5120_8bit_sRGB.png_0.75 2 -250 -250 
00032_TE_7680x5120_8bit_sRGB.png_1.0 2 0 0 
00033_TE_2120x1608_8bit_sRGB.png_0.12 1 -391 -391 
00033_TE_2120x1608_8bit_sRGB.png_0.25 1 18 18 
00033_TE_2120x1608_8bit_sRGB.png_0.5 2 -117 -117 
00033_TE_2120x1608_8bit_sRGB.png_0.75 2 74 74 
00033_TE_2120x1608_8bit_sRGB.png_1.0 3 -284 -284 
00034_TE_1072x928_8bit_sRGB.png_0.12 0 107 107 
00034_TE_1072x928_8bit_sRGB.png_0.25 1 -78 -78 
00034_TE_1072x928_8bit_sRGB.png_0.5 2 -312 -312 
00034_TE_1072x928_8bit_sRGB.png_0.75 2 0 0 
00034_TE_1072x928_8bit_sRGB.png_1.0 2 165 165 
00035_TE_877x1658_8bit_sRGB.png_0.12 0 0 0 
00035_TE_877x1658_8bit_sRGB.png_0.25 1 -219 -219 
00035_TE_877x1658_8bit_sRGB.png_0.5 2 -427 -427 
00035_TE_877x1658_8bit_sRGB.png_0.75 2 -77 -77 
00035_TE_877x1658_8bit_sRGB.png_1.0 2 66 66 
00036_TE_998x1675_8bit_sRGB.png_0.12 0 0 0 
00036_TE_998x1675_8bit_sRGB.png_0.25 1 -251 -251 
00036_TE_998x1675_8bit_sRGB.png_0.5 1 118 118 
00036_TE_998x1675_8bit_sRGB.png_0.75 2 -156 -156 
00036_TE_998x1675_8bit_sRGB.png_1.0 2 0 0 
00037_TE_5616x3744_8bit_sRGB.png_0.12 1 -246 -246 
00037_TE_5616x3744_8bit_sRGB.png_0.25 1 181 181 
00037_TE_5616x3744_8bit_sRGB.png_0.5 2 0 0 
00037_TE_5616x3744_8bit_sRGB.png_0.75 3 -231 -231 
00037_TE_5616x3744_8bit_sRGB.png_1.0 3 0 0 
00038_TE_8160x6120_8bit_sRGB.png_0.12 1 -398 -398 
00038_TE_8160x6120_8bit_sRGB.png_0.25 1 26 26 
00038_TE_8160x6120_8bit_sRGB.png_0.5 2 -129 -129 
00038_TE_8160x6120_8bit_sRGB.png_0.75 2 46 46 
00038_TE_8160x6120_8bit_sRGB.png_1.0 3 -319 -319 
00039_TE_5464x3640_8bit_sRGB.png_0.12 0 64 64 
00039_TE_5464x3640_8bit_sRGB.png_0.25 1 -74 -74 
00039_TE_5464x3640_8bit_sRGB.png_0.5 2 -275 -275 
00039_TE_5464x3640_8bit_sRGB.png_0.75 2 0 0 
00039_TE_5464x3640_8bit_sRGB.png_1.0 3 -337 -337 
00040_TE_7394x4932_8bit_sRGB.png_0.12 0 127 127 
00040_TE_7394x4932_8bit_sRGB.png_0.25 1 2 2 
00040_TE_7394x4932_8bit_sRGB.png_0.5 2 -83 -83 
00040_TE_7394x4932_8bit_sRGB.png_0.75 2 104 104 
00040_TE_7394x4932_8bit_sRGB.png_1.0 3 -262 -262 
00041_TE_3374x5055_8bit_sRGB.png_0.12 0 0 0 
00041_TE_3374x5055_8bit_sRGB.png_0.25 1 -295 -295 
00041_TE_3374x5055_8bit_sRGB.png_0.5 1 27 27 
00041_TE_3374x5055_8bit_sRGB.png_0.75 2 -293 -293 
00041_TE_3374x5055_8bit_sRGB.png_1.0 2 -62 -62 
00042_TE_2787x4004_8bit_sRGB.png_0.12 0 101 101 
00042_TE_2787x4004_8bit_sRGB.png_0.25 1 -25 -25 
00042_TE_2787x4004_8bit_sRGB.png_0.5 2 -177 -177 
00042_TE_2787x4004_8bit_sRGB.png_0.75 2 32 32 
00042_TE_2787x4004_8bit_sRGB.png_1.0 3 -222 -222 
00043_TE_945x840_8bit_sRGB.png_0.12 1 0 0 
00043_TE_945x840_8bit_sRGB.png_0.25 2 -196 -196 
00043_TE_945x840_8bit_sRGB.png_0.5 3 -380 -380 
00043_TE_945x840_8bit_sRGB.png_0.75 3 -85 -85 
00043_TE_945x840_8bit_sRGB.png_1.0 3 25 25 
00044_TE_1430x1834_8bit_sRGB.png_0.12 0 61 61 
00044_TE_1430x1834_8bit_sRGB.png_0.25 1 -177 -177 
00044_TE_1430x1834_8bit_sRGB.png_0.5 2 -343 -343 
00044_TE_1430x1834_8bit_sRGB.png_0.75 2 -21 -21 
00044_TE_1430x1834_8bit_sRGB.png_1.0 2 98 98 
00045_TE_2533x1897_8bit_sRGB.png_0.12 1 -336 -336 
00045_TE_2533x1897_8bit_sRGB.png_0.25 1 94 94 
00045_TE_2533x1897_8bit_sRGB.png_0.5 2 -68 -68 
00045_TE_2533x1897_8bit_sRGB.png_0.75 2 111 111 
00045_TE_2533x1897_8bit_sRGB.png_1.0 3 -280 -280 
00046_TE_2816x1878_8bit_sRGB.png_0.12 1 -321 -321 
00046_TE_2816x1878_8bit_sRGB.png_0.25 1 0 0 
00046_TE_2816x1878_8bit_sRGB.png_0.5 2 -280 -280 
00046_TE_2816x1878_8bit_sRGB.png_0.75 2 -38 -38 
00046_TE_2816x1878_8bit_sRGB.png_1.0 2 60 60 
00047_TE_2500x1875_8bit_sRGB.png_0.12 0 -455 -455 
00047_TE_2500x1875_8bit_sRGB.png_0.25 0 -26 -26 
00047_TE_2500x1875_8bit_sRGB.png_0.5 1 -349 -349 
00047_TE_2500x1875_8bit_sRGB.png_0.75 1 -35 -35 
00047_TE_2500x1875_8bit_sRGB.png_1.0 1 96 96 
00048_TE_2500x1667_8bit_sRGB.png_0.12 0 78 78 
00048_TE_2500x1667_8bit_sRGB.png_0.25 1 -196 -196 
00048_TE_2500x1667_8bit_sRGB.png_0.5 1 101 101 
00048_TE_2500x1667_8bit_sRGB.png_0.75 2 -341 -341 
00048_TE_2500x1667_8bit_sRGB.png_1.0 2 -145 -145 
00049_TE_5566x3569_8bit_sRGB.png_0.12 0 -45 -45 
00049_TE_5566x3569_8bit_sRGB.png_0.25 1 -216 -216 
00049_TE_5566x3569_8bit_sRGB.png_0.5 1 188 188 
00049_TE_5566x3569_8bit_sRGB.png_0.75 2 -88 -88 
00049_TE_5566x3569_8bit_sRGB.png_1.0 2 16 16 
00050_TE_3976x2652_8bit_sRGB.png_0.12 0 151 151 
00050_TE_3976x2652_8bit_sRGB.png_0.25 1 -25 -25 
00050_TE_3976x2652_8bit_sRGB.png_0.5 2 -242 -242 
00050_TE_3976x2652_8bit_sRGB.png_0.75 2 0 0 
00050_TE_3976x2652_8bit_sRGB.png_1.0 3 -354 -354 
