00001_TE_2096x1400_8bit_sRGB.png_0.12 0 -64 -64 
00001_TE_2096x1400_8bit_sRGB.png_0.25 1 -304 -304 
00001_TE_2096x1400_8bit_sRGB.png_0.5 1 118 118 
00001_TE_2096x1400_8bit_sRGB.png_0.75 2 -133 -133 
00001_TE_2096x1400_8bit_sRGB.png_1.0 2 25 25 
00002_TE_2144x1424_8bit_sRGB.png_0.12 0 115 115 
00002_TE_2144x1424_8bit_sRGB.png_0.25 1 -84 -84 
00002_TE_2144x1424_8bit_sRGB.png_0.5 2 -322 -322 
00002_TE_2144x1424_8bit_sRGB.png_0.75 2 -14 -14 
00002_TE_2144x1424_8bit_sRGB.png_1.0 2 118 118 
00003_TE_1944x1296_8bit_sRGB.png_0.12 1 -356 -356 
00003_TE_1944x1296_8bit_sRGB.png_0.25 1 70 70 
00003_TE_1944x1296_8bit_sRGB.png_0.5 2 0 0 
00003_TE_1944x1296_8bit_sRGB.png_0.75 3 -329 -329 
00003_TE_1944x1296_8bit_sRGB.png_1.0 3 -65 -65 
00004_TE_1808x1352_8bit_sRGB.png_0.12 0 0 0 
00004_TE_1808x1352_8bit_sRGB.png_0.25 1 -211 -211 
00004_TE_1808x1352_8bit_sRGB.png_0.5 1 143 143 
00004_TE_1808x1352_8bit_sRGB.png_0.75 2 -202 -202 
00004_TE_1808x1352_8bit_sRGB.png_1.0 2 0 0 
00005_TE_1336x872_8bit_sRGB.png_0.12 1 -149 -149 
00005_TE_1336x872_8bit_sRGB.png_0.25 2 -311 -311 
00005_TE_1336x872_8bit_sRGB.png_0.5 2 122 122 
00005_TE_1336x872_8bit_sRGB.png_0.75 3 -148 -148 
00005_TE_1336x872_8bit_sRGB.png_1.0 3 0 0 
00006_TE_1544x1120_8bit_sRGB.png_0.12 0 30 30 
00006_TE_1544x1120_8bit_sRGB.png_0.25 1 -116 -116 
00006_TE_1544x1120_8bit_sRGB.png_0.5 2 -306 -306 
00006_TE_1544x1120_8bit_sRGB.png_0.75 2 0 0 
00006_TE_1544x1120_8bit_sRGB.png_1.0 3 -242 -242 
00007_TE_1472x976_8bit_sRGB.png_0.12 0 125 125 
00007_TE_1472x976_8bit_sRGB.png_0.25 1 0 0 
00007_TE_1472x976_8bit_sRGB.png_0.5 2 -124 -124 
00007_TE_1472x976_8bit_sRGB.png_0.75 2 64 64 
00007_TE_1472x976_8bit_sRGB.png_1.0 3 -219 -219 
00008_TE_1912x1272_8bit_sRGB.png_0.12 0 183 183 
00008_TE_1912x1272_8bit_sRGB.png_0.25 1 -72 -72 
00008_TE_1912x1272_8bit_sRGB.png_0.5 2 -343 -343 
00008_TE_1912x1272_8bit_sRGB.png_0.75 2 -4 -4 
00008_TE_1912x1272_8bit_sRGB.png_1.0 2 160 160 
00009_TE_1976x1312_8bit_sRGB.png_0.12 0 -233 -233 
00009_TE_1976x1312_8bit_sRGB.png_0.25 0 128 128 
00009_TE_1976x1312_8bit_sRGB.png_0.5 1 -56 -56 
00009_TE_1976x1312_8bit_sRGB.png_0.75 1 160 160 
00009_TE_1976x1312_8bit_sRGB.png_1.0 2 -258 -258 
00010_TE_1744x1160_8bit_sRGB.png_0.12 0 -101 -101 
00010_TE_1744x1160_8bit_sRGB.png_0.25 1 -270 -270 
00010_TE_1744x1160_8bit_sRGB.png_0.5 1 93 93 
00010_TE_1744x1160_8bit_sRGB.png_0.75 2 -189 -189 
00010_TE_1744x1160_8bit_sRGB.png_1.0 2 0 0 
00011_TE_1512x2016_8bit_sRGB.png_0.12 0 166 166 
00011_TE_1512x2016_8bit_sRGB.png_0.25 1 -113 -113 
00011_TE_1512x2016_8bit_sRGB.png_0.5 2 -391 -391 
00011_TE_1512x2016_8bit_sRGB.png_0.75 2 -137 -137 
00011_TE_1512x2016_8bit_sRGB.png_1.0 2 0 0 
00012_TE_1920x1280_8bit_sRGB.png_0.12 0 24 24 
00012_TE_1920x1280_8bit_sRGB.png_0.25 1 -26 -26 
00012_TE_1920x1280_8bit_sRGB.png_0.5 2 -195 -195 
00012_TE_1920x1280_8bit_sRGB.png_0.75 2 14 14 
00012_TE_1920x1280_8bit_sRGB.png_1.0 3 -251 -251 
00013_TE_3680x2456_8bit_sRGB.png_0.12 1 -316 -316 
00013_TE_3680x2456_8bit_sRGB.png_0.25 1 76 76 
00013_TE_3680x2456_8bit_sRGB.png_0.5 2 -6 -6 
00013_TE_3680x2456_8bit_sRGB.png_0.75 3 -304 -304 
00013_TE_3680x2456_8bit_sRGB.png_1.0 3 -67 -67 
00014_TE_3680x2456_8bit_sRGB.png_0.12 1 -319 -319 
00014_TE_3680x2456_8bit_sRGB.png_0.25 1 104 104 
00014_TE_3680x2456_8bit_sRGB.png_0.5 2 0 0 
00014_TE_3680x2456_8bit_sRGB.png_0.75 3 -268 -268 
00014_TE_3680x2456_8bit_sRGB.png_1.0 3 -18 -18 
00015_TE_1744x2000_8bit_sRGB.png_0.12 1 -143 -143 
00015_TE_1744x2000_8bit_sRGB.png_0.25 2 -443 -443 
00015_TE_1744x2000_8bit_sRGB.png_0.5 2 -48 -48 
00015_TE_1744x2000_8bit_sRGB.png_0.75 2 130 130 
00015_TE_1744x2000_8bit_sRGB.png_1.0 3 -293 -293 
00016_TE_1192x832_8bit_sRGB.png_0.12 0 -20 -20 
00016_TE_1192x832_8bit_sRGB.png_0.25 1 -204 -204 
00016_TE_1192x832_8bit_sRGB.png_0.5 2 -406 -406 
00016_TE_1192x832_8bit_sRGB.png_0.75 2 -76 -76 
00016_TE_1192x832_8bit_sRGB.png_1.0 2 64 64 
00017_TE_1280x848_8bit_sRGB.png_0.12 0 0 0 
00017_TE_1280x848_8bit_sRGB.png_0.25 1 -291 -291 
00017_TE_1280x848_8bit_sRGB.png_0.5 1 104 104 
00017_TE_1280x848_8bit_sRGB.png_0.75 2 -210 -210 
00017_TE_1280x848_8bit_sRGB.png_1.0 2 0 0 
00018_TE_3032x1856_8bit_sRGB.png_0.12 0 -112 -112 
00018_TE_3032x1856_8bit_sRGB.png_0.25 1 -332 -332 
00018_TE_3032x1856_8bit_sRGB.png_0.5 1 36 36 
00018_TE_3032x1856_8bit_sRGB.png_0.75 2 -270 -270 
00018_TE_3032x1856_8bit_sRGB.png_1.0 2 -55 -55 
00019_TE_1920x1080_8bit_sRGB.png_0.12 0 0 0 
00019_TE_1920x1080_8bit_sRGB.png_0.25 1 -41 -41 
00019_TE_1920x1080_8bit_sRGB.png_0.5 2 -173 -173 
00019_TE_1920x1080_8bit_sRGB.png_0.75 2 42 42 
00019_TE_1920x1080_8bit_sRGB.png_1.0 3 -203 -203 
00020_TE_3680x2456_8bit_sRGB.png_0.12 0 9 9 
00020_TE_3680x2456_8bit_sRGB.png_0.25 1 -123 -123 
00020_TE_3680x2456_8bit_sRGB.png_0.5 2 -330 -330 
00020_TE_3680x2456_8bit_sRGB.png_0.75 2 -21 -21 
00020_TE_3680x2456_8bit_sRGB.png_1.0 2 104 104 
00021_TE_2192x1520_8bit_sRGB.png_0.12 0 0 0 
00021_TE_2192x1520_8bit_sRGB.png_0.25 1 -262 -262 
00021_TE_2192x1520_8bit_sRGB.png_0.5 1 116 116 
00021_TE_2192x1520_8bit_sRGB.png_0.75 2 -181 -181 
00021_TE_2192x1520_8bit_sRGB.png_1.0 2 0 0 
00022_TE_1248x832_8bit_sRGB.png_0.12 0 19 19 
00022_TE_1248x832_8bit_sRGB.png_0.25 1 -123 -123 
00022_TE_1248x832_8bit_sRGB.png_0.5 2 -355 -355 
00022_TE_1248x832_8bit_sRGB.png_0.75 2 -34 -34 
00022_TE_1248x832_8bit_sRGB.png_1.0 2 92 92 
00023_TE_2464x1640_8bit_sRGB.png_0.12 1 -394 -394 
00023_TE_2464x1640_8bit_sRGB.png_0.25 1 0 0 
00023_TE_2464x1640_8bit_sRGB.png_0.5 2 -213 -213 
00023_TE_2464x1640_8bit_sRGB.png_0.75 2 0 0 
00023_TE_2464x1640_8bit_sRGB.png_1.0 3 -321 -321 
00024_TE_1536x1024_8bit_sRGB.png_0.12 0 -89 -89 
00024_TE_1536x1024_8bit_sRGB.png_0.25 1 -363 -363 
00024_TE_1536x1024_8bit_sRGB.png_0.5 1 12 12 
00024_TE_1536x1024_8bit_sRGB.png_0.75 2 -307 -307 
00024_TE_1536x1024_8bit_sRGB.png_1.0 2 -36 -36 
00025_TE_1984x1320_8bit_sRGB.png_0.12 1 -427 -427 
00025_TE_1984x1320_8bit_sRGB.png_0.25 1 0 0 
00025_TE_1984x1320_8bit_sRGB.png_0.5 2 -106 -106 
00025_TE_1984x1320_8bit_sRGB.png_0.75 2 97 97 
00025_TE_1984x1320_8bit_sRGB.png_1.0 3 -208 -208 
00026_TE_1784x1296_8bit_sRGB.png_0.12 0 98 98 
00026_TE_1784x1296_8bit_sRGB.png_0.25 1 0 0 
00026_TE_1784x1296_8bit_sRGB.png_0.5 2 -132 -132 
00026_TE_1784x1296_8bit_sRGB.png_0.75 2 74 74 
00026_TE_1784x1296_8bit_sRGB.png_1.0 3 -196 -196 
00027_TE_3680x2456_8bit_sRGB.png_0.12 0 -294 -294 
00027_TE_3680x2456_8bit_sRGB.png_0.25 0 54 54 
00027_TE_3680x2456_8bit_sRGB.png_0.5 1 -150 -150 
00027_TE_3680x2456_8bit_sRGB.png_0.75 1 82 82 
00027_TE_3680x2456_8bit_sRGB.png_1.0 2 -357 -357 
00028_TE_800x1200_8bit_sRGB.png_0.12 1 -226 -226 
00028_TE_800x1200_8bit_sRGB.png_0.25 1 180 180 
00028_TE_800x1200_8bit_sRGB.png_0.5 2 0 0 
00028_TE_800x1200_8bit_sRGB.png_0.75 3 -339 -339 
00028_TE_800x1200_8bit_sRGB.png_1.0 3 -99 -99 
00029_TE_976x1472_8bit_sRGB.png_0.12 0 132 132 
00029_TE_976x1472_8bit_sRGB.png_0.25 1 17 17 
00029_TE_976x1472_8bit_sRGB.png_0.5 2 -57 -57 
00029_TE_976x1472_8bit_sRGB.png_0.75 2 145 145 
00029_TE_976x1472_8bit_sRGB.png_1.0 3 -155 -155 
00030_TE_560x888_8bit_sRGB.png_0.12 1 -368 -368 
00030_TE_560x888_8bit_sRGB.png_0.25 1 13 13 
00030_TE_560x888_8bit_sRGB.png_0.5 2 -127 -127 
00030_TE_560x888_8bit_sRGB.png_0.75 2 59 59 
00030_TE_560x888_8bit_sRGB.png_1.0 3 -260 -260 
00031_TE_1752x1856_8bit_sRGB.png_0.12 1 -147 -147 
00031_TE_1752x1856_8bit_sRGB.png_0.25 2 -348 -348 
00031_TE_1752x1856_8bit_sRGB.png_0.5 2 31 31 
00031_TE_1752x1856_8bit_sRGB.png_0.75 3 -242 -242 
00031_TE_1752x1856_8bit_sRGB.png_1.0 3 -26 -26 
00032_TE_7680x5120_8bit_sRGB.png_0.12 0 -76 -76 
00032_TE_7680x5120_8bit_sRGB.png_0.25 1 -344 -344 
00032_TE_7680x5120_8bit_sRGB.png_0.5 1 32 32 
00032_TE_7680x5120_8bit_sRGB.png_0.75 2 -181 -181 
00032_TE_7680x5120_8bit_sRGB.png_1.0 2 0 0 
00033_TE_2120x1608_8bit_sRGB.png_0.12 1 -348 -348 
00033_TE_2120x1608_8bit_sRGB.png_0.25 1 66 66 
00033_TE_2120x1608_8bit_sRGB.png_0.5 2 -72 -72 
00033_TE_2120x1608_8bit_sRGB.png_0.75 2 123 123 
00033_TE_2120x1608_8bit_sRGB.png_1.0 3 -225 -225 
00034_TE_1072x928_8bit_sRGB.png_0.12 0 125 125 
00034_TE_1072x928_8bit_sRGB.png_0.25 1 -41 -41 
00034_TE_1072x928_8bit_sRGB.png_0.5 2 -272 -272 
00034_TE_1072x928_8bit_sRGB.png_0.75 2 0 0 
00034_TE_1072x928_8bit_sRGB.png_1.0 3 -268 -268 
00035_TE_877x1658_8bit_sRGB.png_0.12 0 0 0 
00035_TE_877x1658_8bit_sRGB.png_0.25 1 -183 -183 
00035_TE_877x1658_8bit_sRGB.png_0.5 2 -387 -387 
00035_TE_877x1658_8bit_sRGB.png_0.75 2 -15 -15 
00035_TE_877x1658_8bit_sRGB.png_1.0 2 142 142 
00036_TE_998x1675_8bit_sRGB.png_0.12 0 0 0 
00036_TE_998x1675_8bit_sRGB.png_0.25 1 -215 -215 
00036_TE_998x1675_8bit_sRGB.png_0.5 1 167 167 
00036_TE_998x1675_8bit_sRGB.png_0.75 2 -105 -105 
00036_TE_998x1675_8bit_sRGB.png_1.0 2 16 16 
00037_TE_5616x3744_8bit_sRGB.png_0.12 1 -198 -198 
00037_TE_5616x3744_8bit_sRGB.png_0.25 2 -348 -348 
00037_TE_5616x3744_8bit_sRGB.png_0.5 2 52 52 
00037_TE_5616x3744_8bit_sRGB.png_0.75 3 -166 -166 
00037_TE_5616x3744_8bit_sRGB.png_1.0 3 0 0 
00038_TE_8160x6120_8bit_sRGB.png_0.12 1 -333 -333 
00038_TE_8160x6120_8bit_sRGB.png_0.25 1 87 87 
00038_TE_8160x6120_8bit_sRGB.png_0.5 2 -86 -86 
00038_TE_8160x6120_8bit_sRGB.png_0.75 2 91 91 
00038_TE_8160x6120_8bit_sRGB.png_1.0 3 -270 -270 
00039_TE_5464x3640_8bit_sRGB.png_0.12 0 81 81 
00039_TE_5464x3640_8bit_sRGB.png_0.25 1 -29 -29 
00039_TE_5464x3640_8bit_sRGB.png_0.5 2 -226 -226 
00039_TE_5464x3640_8bit_sRGB.png_0.75 2 0 0 
00039_TE_5464x3640_8bit_sRGB.png_1.0 3 -266 -266 
00040_TE_7394x4932_8bit_sRGB.png_0.12 0 160 160 
00040_TE_7394x4932_8bit_sRGB.png_0.25 1 61 61 
00040_TE_7394x4932_8bit_sRGB.png_0.5 2 -34 -34 
00040_TE_7394x4932_8bit_sRGB.png_0.75 2 151 151 
00040_TE_7394x4932_8bit_sRGB.png_1.0 3 -203 -203 
00041_TE_3374x5055_8bit_sRGB.png_0.12 0 0 0 
00041_TE_3374x5055_8bit_sRGB.png_0.25 1 -265 -265 
00041_TE_3374x5055_8bit_sRGB.png_0.5 1 64 64 
00041_TE_3374x5055_8bit_sRGB.png_0.75 2 -249 -249 
00041_TE_3374x5055_8bit_sRGB.png_1.0 2 -8 -8 
00042_TE_2787x4004_8bit_sRGB.png_0.12 0 117 117 
00042_TE_2787x4004_8bit_sRGB.png_0.25 1 0 0 
00042_TE_2787x4004_8bit_sRGB.png_0.5 2 -118 -118 
00042_TE_2787x4004_8bit_sRGB.png_0.75 2 96 96 
00042_TE_2787x4004_8bit_sRGB.png_1.0 3 -147 -147 
00043_TE_945x840_8bit_sRGB.png_0.12 1 0 0 
00043_TE_945x840_8bit_sRGB.png_0.25 2 -160 -160 
00043_TE_945x840_8bit_sRGB.png_0.5 3 -326 -326 
00043_TE_945x840_8bit_sRGB.png_0.75 3 -20 -20 
00043_TE_945x840_8bit_sRGB.png_1.0 3 107 107 
00044_TE_1430x1834_8bit_sRGB.png_0.12 0 60 60 
00044_TE_1430x1834_8bit_sRGB.png_0.25 1 -140 -140 
00044_TE_1430x1834_8bit_sRGB.png_0.5 2 -295 -295 
00044_TE_1430x1834_8bit_sRGB.png_0.75 2 0 0 
00044_TE_1430x1834_8bit_sRGB.png_1.0 2 166 166 
00045_TE_2533x1897_8bit_sRGB.png_0.12 1 -279 -279 
00045_TE_2533x1897_8bit_sRGB.png_0.25 1 151 151 
00045_TE_2533x1897_8bit_sRGB.png_0.5 2 -26 -26 
00045_TE_2533x1897_8bit_sRGB.png_0.75 2 157 157 
00045_TE_2533x1897_8bit_sRGB.png_1.0 3 -226 -226 
00046_TE_2816x1878_8bit_sRGB.png_0.12 1 -291 -291 
00046_TE_2816x1878_8bit_sRGB.png_0.25 1 23 23 
00046_TE_2816x1878_8bit_sRGB.png_0.5 2 -265 -265 
00046_TE_2816x1878_8bit_sRGB.png_0.75 2 -11 -11 
00046_TE_2816x1878_8bit_sRGB.png_1.0 2 108 108 
00047_TE_2500x1875_8bit_sRGB.png_0.12 0 -450 -450 
00047_TE_2500x1875_8bit_sRGB.png_0.25 0 -10 -10 
00047_TE_2500x1875_8bit_sRGB.png_0.5 1 -317 -317 
00047_TE_2500x1875_8bit_sRGB.png_0.75 1 0 0 
00047_TE_2500x1875_8bit_sRGB.png_1.0 1 179 179 
00048_TE_2500x1667_8bit_sRGB.png_0.12 0 99 99 
00048_TE_2500x1667_8bit_sRGB.png_0.25 1 -176 -176 
00048_TE_2500x1667_8bit_sRGB.png_0.5 1 127 127 
00048_TE_2500x1667_8bit_sRGB.png_0.75 2 -322 -322 
00048_TE_2500x1667_8bit_sRGB.png_1.0 2 -105 -105 
00049_TE_5566x3569_8bit_sRGB.png_0.12 0 -22 -22 
00049_TE_5566x3569_8bit_sRGB.png_0.25 1 -163 -163 
00049_TE_5566x3569_8bit_sRGB.png_0.5 2 -340 -340 
00049_TE_5566x3569_8bit_sRGB.png_0.75 2 -41 -41 
00049_TE_5566x3569_8bit_sRGB.png_1.0 2 74 74 
00050_TE_3976x2652_8bit_sRGB.png_0.12 0 165 165 
00050_TE_3976x2652_8bit_sRGB.png_0.25 1 0 0 
00050_TE_3976x2652_8bit_sRGB.png_0.5 2 -199 -199 
00050_TE_3976x2652_8bit_sRGB.png_0.75 2 1 1 
00050_TE_3976x2652_8bit_sRGB.png_1.0 3 -286 -286 
