00001_TE_2096x1400_8bit_sRGB.png_0.12 0 -53 -53 
00001_TE_2096x1400_8bit_sRGB.png_0.25 1 -298 -298 
00001_TE_2096x1400_8bit_sRGB.png_0.5 1 115 115 
00001_TE_2096x1400_8bit_sRGB.png_0.75 2 -132 -132 
00001_TE_2096x1400_8bit_sRGB.png_1.0 2 23 23 
00002_TE_2144x1424_8bit_sRGB.png_0.12 0 98 98 
00002_TE_2144x1424_8bit_sRGB.png_0.25 1 -69 -69 
00002_TE_2144x1424_8bit_sRGB.png_0.5 2 -319 -319 
00002_TE_2144x1424_8bit_sRGB.png_0.75 2 -13 -13 
00002_TE_2144x1424_8bit_sRGB.png_1.0 2 120 120 
00003_TE_1944x1296_8bit_sRGB.png_0.12 1 -336 -336 
00003_TE_1944x1296_8bit_sRGB.png_0.25 1 83 83 
00003_TE_1944x1296_8bit_sRGB.png_0.5 2 0 0 
00003_TE_1944x1296_8bit_sRGB.png_0.75 3 -322 -322 
00003_TE_1944x1296_8bit_sRGB.png_1.0 3 -52 -52 
00004_TE_1808x1352_8bit_sRGB.png_0.12 0 1 1 
00004_TE_1808x1352_8bit_sRGB.png_0.25 1 -188 -188 
00004_TE_1808x1352_8bit_sRGB.png_0.5 1 150 150 
00004_TE_1808x1352_8bit_sRGB.png_0.75 2 -186 -186 
00004_TE_1808x1352_8bit_sRGB.png_1.0 2 0 0 
00005_TE_1336x872_8bit_sRGB.png_0.12 1 -103 -103 
00005_TE_1336x872_8bit_sRGB.png_0.25 2 -282 -282 
00005_TE_1336x872_8bit_sRGB.png_0.5 2 153 153 
00005_TE_1336x872_8bit_sRGB.png_0.75 3 -130 -130 
00005_TE_1336x872_8bit_sRGB.png_1.0 3 0 0 
00006_TE_1544x1120_8bit_sRGB.png_0.12 0 37 37 
00006_TE_1544x1120_8bit_sRGB.png_0.25 1 -107 -107 
00006_TE_1544x1120_8bit_sRGB.png_0.5 2 -307 -307 
00006_TE_1544x1120_8bit_sRGB.png_0.75 2 0 0 
00006_TE_1544x1120_8bit_sRGB.png_1.0 3 -248 -248 
00007_TE_1472x976_8bit_sRGB.png_0.12 1 -379 -379 
00007_TE_1472x976_8bit_sRGB.png_0.25 1 90 90 
00007_TE_1472x976_8bit_sRGB.png_0.5 2 -80 -80 
00007_TE_1472x976_8bit_sRGB.png_0.75 2 114 114 
00007_TE_1472x976_8bit_sRGB.png_1.0 3 -209 -209 
00008_TE_1912x1272_8bit_sRGB.png_0.12 1 -476 -476 
00008_TE_1912x1272_8bit_sRGB.png_0.25 1 -66 -66 
00008_TE_1912x1272_8bit_sRGB.png_0.5 2 -344 -344 
00008_TE_1912x1272_8bit_sRGB.png_0.75 2 -7 -7 
00008_TE_1912x1272_8bit_sRGB.png_1.0 2 159 159 
00009_TE_1976x1312_8bit_sRGB.png_0.12 0 -226 -226 
00009_TE_1976x1312_8bit_sRGB.png_0.25 0 113 113 
00009_TE_1976x1312_8bit_sRGB.png_0.5 1 -45 -45 
00009_TE_1976x1312_8bit_sRGB.png_0.75 1 156 156 
00009_TE_1976x1312_8bit_sRGB.png_1.0 2 -255 -255 
00010_TE_1744x1160_8bit_sRGB.png_0.12 0 -71 -71 
00010_TE_1744x1160_8bit_sRGB.png_0.25 1 -253 -253 
00010_TE_1744x1160_8bit_sRGB.png_0.5 1 97 97 
00010_TE_1744x1160_8bit_sRGB.png_0.75 2 -176 -176 
00010_TE_1744x1160_8bit_sRGB.png_1.0 2 0 0 
00011_TE_1512x2016_8bit_sRGB.png_0.12 1 -477 -477 
00011_TE_1512x2016_8bit_sRGB.png_0.25 1 -89 -89 
00011_TE_1512x2016_8bit_sRGB.png_0.5 2 -389 -389 
00011_TE_1512x2016_8bit_sRGB.png_0.75 2 -137 -137 
00011_TE_1512x2016_8bit_sRGB.png_1.0 2 0 0 
00012_TE_1920x1280_8bit_sRGB.png_0.12 0 31 31 
00012_TE_1920x1280_8bit_sRGB.png_0.25 1 -10 -10 
00012_TE_1920x1280_8bit_sRGB.png_0.5 2 -167 -167 
00012_TE_1920x1280_8bit_sRGB.png_0.75 2 45 45 
00012_TE_1920x1280_8bit_sRGB.png_1.0 3 -242 -242 
00013_TE_3680x2456_8bit_sRGB.png_0.12 1 -311 -311 
00013_TE_3680x2456_8bit_sRGB.png_0.25 1 69 69 
00013_TE_3680x2456_8bit_sRGB.png_0.5 2 -1 -1 
00013_TE_3680x2456_8bit_sRGB.png_0.75 3 -303 -303 
00013_TE_3680x2456_8bit_sRGB.png_1.0 3 -66 -66 
00014_TE_3680x2456_8bit_sRGB.png_0.12 1 -306 -306 
00014_TE_3680x2456_8bit_sRGB.png_0.25 1 109 109 
00014_TE_3680x2456_8bit_sRGB.png_0.5 2 0 0 
00014_TE_3680x2456_8bit_sRGB.png_0.75 3 -262 -262 
00014_TE_3680x2456_8bit_sRGB.png_1.0 3 -7 -7 
00015_TE_1744x2000_8bit_sRGB.png_0.12 1 -135 -135 
00015_TE_1744x2000_8bit_sRGB.png_0.25 2 -445 -445 
00015_TE_1744x2000_8bit_sRGB.png_0.5 2 -50 -50 
00015_TE_1744x2000_8bit_sRGB.png_0.75 2 125 125 
00015_TE_1744x2000_8bit_sRGB.png_1.0 3 -289 -289 
00016_TE_1192x832_8bit_sRGB.png_0.12 0 0 0 
00016_TE_1192x832_8bit_sRGB.png_0.25 1 -174 -174 
00016_TE_1192x832_8bit_sRGB.png_0.5 2 -390 -390 
00016_TE_1192x832_8bit_sRGB.png_0.75 2 -46 -46 
00016_TE_1192x832_8bit_sRGB.png_1.0 2 94 94 
00017_TE_1280x848_8bit_sRGB.png_0.12 0 0 0 
00017_TE_1280x848_8bit_sRGB.png_0.25 1 -288 -288 
00017_TE_1280x848_8bit_sRGB.png_0.5 1 92 92 
00017_TE_1280x848_8bit_sRGB.png_0.75 2 -214 -214 
00017_TE_1280x848_8bit_sRGB.png_1.0 2 0 0 
00018_TE_3032x1856_8bit_sRGB.png_0.12 0 -85 -85 
00018_TE_3032x1856_8bit_sRGB.png_0.25 1 -306 -306 
00018_TE_3032x1856_8bit_sRGB.png_0.5 1 60 60 
00018_TE_3032x1856_8bit_sRGB.png_0.75 2 -259 -259 
00018_TE_3032x1856_8bit_sRGB.png_1.0 2 -42 -42 
00019_TE_1920x1080_8bit_sRGB.png_0.12 0 10 10 
00019_TE_1920x1080_8bit_sRGB.png_0.25 1 -12 -12 
00019_TE_1920x1080_8bit_sRGB.png_0.5 2 -150 -150 
00019_TE_1920x1080_8bit_sRGB.png_0.75 2 68 68 
00019_TE_1920x1080_8bit_sRGB.png_1.0 3 -191 -191 
00020_TE_3680x2456_8bit_sRGB.png_0.12 0 17 17 
00020_TE_3680x2456_8bit_sRGB.png_0.25 1 -108 -108 
00020_TE_3680x2456_8bit_sRGB.png_0.5 2 -325 -325 
00020_TE_3680x2456_8bit_sRGB.png_0.75 2 -14 -14 
00020_TE_3680x2456_8bit_sRGB.png_1.0 2 113 113 
00021_TE_2192x1520_8bit_sRGB.png_0.12 0 0 0 
00021_TE_2192x1520_8bit_sRGB.png_0.25 1 -255 -255 
00021_TE_2192x1520_8bit_sRGB.png_0.5 1 109 109 
00021_TE_2192x1520_8bit_sRGB.png_0.75 2 -179 -179 
00021_TE_2192x1520_8bit_sRGB.png_1.0 2 0 0 
00022_TE_1248x832_8bit_sRGB.png_0.12 0 40 40 
00022_TE_1248x832_8bit_sRGB.png_0.25 1 -93 -93 
00022_TE_1248x832_8bit_sRGB.png_0.5 2 -343 -343 
00022_TE_1248x832_8bit_sRGB.png_0.75 2 -17 -17 
00022_TE_1248x832_8bit_sRGB.png_1.0 2 114 114 
00023_TE_2464x1640_8bit_sRGB.png_0.12 1 -388 -388 
00023_TE_2464x1640_8bit_sRGB.png_0.25 1 0 0 
00023_TE_2464x1640_8bit_sRGB.png_0.5 2 -209 -209 
00023_TE_2464x1640_8bit_sRGB.png_0.75 2 0 0 
00023_TE_2464x1640_8bit_sRGB.png_1.0 3 -322 -322 
00024_TE_1536x1024_8bit_sRGB.png_0.12 0 -72 -72 
00024_TE_1536x1024_8bit_sRGB.png_0.25 1 -364 -364 
00024_TE_1536x1024_8bit_sRGB.png_0.5 1 10 10 
00024_TE_1536x1024_8bit_sRGB.png_0.75 2 -311 -311 
00024_TE_1536x1024_8bit_sRGB.png_1.0 2 -38 -38 
00025_TE_1984x1320_8bit_sRGB.png_0.12 1 -423 -423 
00025_TE_1984x1320_8bit_sRGB.png_0.25 1 0 0 
00025_TE_1984x1320_8bit_sRGB.png_0.5 2 -97 -97 
00025_TE_1984x1320_8bit_sRGB.png_0.75 2 107 107 
00025_TE_1984x1320_8bit_sRGB.png_1.0 3 -208 -208 
00026_TE_1784x1296_8bit_sRGB.png_0.12 0 101 101 
00026_TE_1784x1296_8bit_sRGB.png_0.25 1 0 0 
00026_TE_1784x1296_8bit_sRGB.png_0.5 2 -109 -109 
00026_TE_1784x1296_8bit_sRGB.png_0.75 2 102 102 
00026_TE_1784x1296_8bit_sRGB.png_1.0 3 -186 -186 
00027_TE_3680x2456_8bit_sRGB.png_0.12 0 -295 -295 
00027_TE_3680x2456_8bit_sRGB.png_0.25 0 43 43 
00027_TE_3680x2456_8bit_sRGB.png_0.5 1 -157 -157 
00027_TE_3680x2456_8bit_sRGB.png_0.75 1 65 65 
00027_TE_3680x2456_8bit_sRGB.png_1.0 2 -365 -365 
00028_TE_800x1200_8bit_sRGB.png_0.12 1 -189 -189 
00028_TE_800x1200_8bit_sRGB.png_0.25 2 -426 -426 
00028_TE_800x1200_8bit_sRGB.png_0.5 2 0 0 
00028_TE_800x1200_8bit_sRGB.png_0.75 3 -338 -338 
00028_TE_800x1200_8bit_sRGB.png_1.0 3 -101 -101 
00029_TE_976x1472_8bit_sRGB.png_0.12 1 -385 -385 
00029_TE_976x1472_8bit_sRGB.png_0.25 1 74 74 
00029_TE_976x1472_8bit_sRGB.png_0.5 2 -5 -5 
00029_TE_976x1472_8bit_sRGB.png_0.75 3 -386 -386 
00029_TE_976x1472_8bit_sRGB.png_1.0 3 -136 -136 
00030_TE_560x888_8bit_sRGB.png_0.12 1 -359 -359 
00030_TE_560x888_8bit_sRGB.png_0.25 1 25 25 
00030_TE_560x888_8bit_sRGB.png_0.5 2 -114 -114 
00030_TE_560x888_8bit_sRGB.png_0.75 2 76 76 
00030_TE_560x888_8bit_sRGB.png_1.0 3 -255 -255 
00031_TE_1752x1856_8bit_sRGB.png_0.12 1 -126 -126 
00031_TE_1752x1856_8bit_sRGB.png_0.25 2 -337 -337 
00031_TE_1752x1856_8bit_sRGB.png_0.5 2 44 44 
00031_TE_1752x1856_8bit_sRGB.png_0.75 3 -231 -231 
00031_TE_1752x1856_8bit_sRGB.png_1.0 3 -7 -7 
00032_TE_7680x5120_8bit_sRGB.png_0.12 0 -57 -57 
00032_TE_7680x5120_8bit_sRGB.png_0.25 1 -339 -339 
00032_TE_7680x5120_8bit_sRGB.png_0.5 1 31 31 
00032_TE_7680x5120_8bit_sRGB.png_0.75 2 -177 -177 
00032_TE_7680x5120_8bit_sRGB.png_1.0 2 0 0 
00033_TE_2120x1608_8bit_sRGB.png_0.12 1 -326 -326 
00033_TE_2120x1608_8bit_sRGB.png_0.25 1 92 92 
00033_TE_2120x1608_8bit_sRGB.png_0.5 2 -49 -49 
00033_TE_2120x1608_8bit_sRGB.png_0.75 2 146 146 
00033_TE_2120x1608_8bit_sRGB.png_1.0 3 -217 -217 
00034_TE_1072x928_8bit_sRGB.png_0.12 0 116 116 
00034_TE_1072x928_8bit_sRGB.png_0.25 1 -29 -29 
00034_TE_1072x928_8bit_sRGB.png_0.5 2 -266 -266 
00034_TE_1072x928_8bit_sRGB.png_0.75 2 0 0 
00034_TE_1072x928_8bit_sRGB.png_1.0 3 -263 -263 
00035_TE_877x1658_8bit_sRGB.png_0.12 0 0 0 
00035_TE_877x1658_8bit_sRGB.png_0.25 1 -173 -173 
00035_TE_877x1658_8bit_sRGB.png_0.5 2 -381 -381 
00035_TE_877x1658_8bit_sRGB.png_0.75 2 -5 -5 
00035_TE_877x1658_8bit_sRGB.png_1.0 2 156 156 
00036_TE_998x1675_8bit_sRGB.png_0.12 0 0 0 
00036_TE_998x1675_8bit_sRGB.png_0.25 1 -195 -195 
00036_TE_998x1675_8bit_sRGB.png_0.5 1 168 168 
00036_TE_998x1675_8bit_sRGB.png_0.75 2 -83 -83 
00036_TE_998x1675_8bit_sRGB.png_1.0 2 43 43 
00037_TE_5616x3744_8bit_sRGB.png_0.12 1 -170 -170 
00037_TE_5616x3744_8bit_sRGB.png_0.25 2 -329 -329 
00037_TE_5616x3744_8bit_sRGB.png_0.5 2 78 78 
00037_TE_5616x3744_8bit_sRGB.png_0.75 3 -148 -148 
00037_TE_5616x3744_8bit_sRGB.png_1.0 3 0 0 
00038_TE_8160x6120_8bit_sRGB.png_0.12 1 -322 -322 
00038_TE_8160x6120_8bit_sRGB.png_0.25 1 105 105 
00038_TE_8160x6120_8bit_sRGB.png_0.5 2 -63 -63 
00038_TE_8160x6120_8bit_sRGB.png_0.75 2 117 117 
00038_TE_8160x6120_8bit_sRGB.png_1.0 3 -266 -266 
00039_TE_5464x3640_8bit_sRGB.png_0.12 0 78 78 
00039_TE_5464x3640_8bit_sRGB.png_0.25 1 0 0 
00039_TE_5464x3640_8bit_sRGB.png_0.5 2 -209 -209 
00039_TE_5464x3640_8bit_sRGB.png_0.75 2 0 0 
00039_TE_5464x3640_8bit_sRGB.png_1.0 3 -268 -268 
00040_TE_7394x4932_8bit_sRGB.png_0.12 1 -364 -364 
00040_TE_7394x4932_8bit_sRGB.png_0.25 1 106 106 
00040_TE_7394x4932_8bit_sRGB.png_0.5 2 0 0 
00040_TE_7394x4932_8bit_sRGB.png_0.75 3 -418 -418 
00040_TE_7394x4932_8bit_sRGB.png_1.0 3 -193 -193 
00041_TE_3374x5055_8bit_sRGB.png_0.12 0 0 0 
00041_TE_3374x5055_8bit_sRGB.png_0.25 1 -247 -247 
00041_TE_3374x5055_8bit_sRGB.png_0.5 1 67 67 
00041_TE_3374x5055_8bit_sRGB.png_0.75 2 -248 -248 
00041_TE_3374x5055_8bit_sRGB.png_1.0 2 -9 -9 
00042_TE_2787x4004_8bit_sRGB.png_0.12 0 102 102 
00042_TE_2787x4004_8bit_sRGB.png_0.25 1 0 0 
00042_TE_2787x4004_8bit_sRGB.png_0.5 2 -98 -98 
00042_TE_2787x4004_8bit_sRGB.png_0.75 2 123 123 
00042_TE_2787x4004_8bit_sRGB.png_1.0 3 -134 -134 
00043_TE_945x840_8bit_sRGB.png_0.12 1 0 0 
00043_TE_945x840_8bit_sRGB.png_0.25 2 -138 -138 
00043_TE_945x840_8bit_sRGB.png_0.5 3 -317 -317 
00043_TE_945x840_8bit_sRGB.png_0.75 3 -8 -8 
00043_TE_945x840_8bit_sRGB.png_1.0 3 126 126 
00044_TE_1430x1834_8bit_sRGB.png_0.12 0 64 64 
00044_TE_1430x1834_8bit_sRGB.png_0.25 1 -114 -114 
00044_TE_1430x1834_8bit_sRGB.png_0.5 2 -282 -282 
00044_TE_1430x1834_8bit_sRGB.png_0.75 2 0 0 
00044_TE_1430x1834_8bit_sRGB.png_1.0 3 -315 -315 
00045_TE_2533x1897_8bit_sRGB.png_0.12 1 -261 -261 
00045_TE_2533x1897_8bit_sRGB.png_0.25 1 173 173 
00045_TE_2533x1897_8bit_sRGB.png_0.5 2 -7 -7 
00045_TE_2533x1897_8bit_sRGB.png_0.75 2 182 182 
00045_TE_2533x1897_8bit_sRGB.png_1.0 3 -226 -226 
00046_TE_2816x1878_8bit_sRGB.png_0.12 1 -265 -265 
00046_TE_2816x1878_8bit_sRGB.png_0.25 1 46 46 
00046_TE_2816x1878_8bit_sRGB.png_0.5 2 -264 -264 
00046_TE_2816x1878_8bit_sRGB.png_0.75 2 -19 -19 
00046_TE_2816x1878_8bit_sRGB.png_1.0 2 95 95 
00047_TE_2500x1875_8bit_sRGB.png_0.12 0 -458 -458 
00047_TE_2500x1875_8bit_sRGB.png_0.25 0 -15 -15 
00047_TE_2500x1875_8bit_sRGB.png_0.5 1 -326 -326 
00047_TE_2500x1875_8bit_sRGB.png_0.75 1 0 0 
00047_TE_2500x1875_8bit_sRGB.png_1.0 1 172 172 
00048_TE_2500x1667_8bit_sRGB.png_0.12 0 132 132 
00048_TE_2500x1667_8bit_sRGB.png_0.25 1 -160 -160 
00048_TE_2500x1667_8bit_sRGB.png_0.5 1 116 116 
00048_TE_2500x1667_8bit_sRGB.png_0.75 2 -341 -341 
00048_TE_2500x1667_8bit_sRGB.png_1.0 2 -126 -126 
00049_TE_5566x3569_8bit_sRGB.png_0.12 0 0 0 
00049_TE_5566x3569_8bit_sRGB.png_0.25 1 -140 -140 
00049_TE_5566x3569_8bit_sRGB.png_0.5 2 -328 -328 
00049_TE_5566x3569_8bit_sRGB.png_0.75 2 -20 -20 
00049_TE_5566x3569_8bit_sRGB.png_1.0 2 100 100 
00050_TE_3976x2652_8bit_sRGB.png_0.12 0 137 137 
00050_TE_3976x2652_8bit_sRGB.png_0.25 1 0 0 
00050_TE_3976x2652_8bit_sRGB.png_0.5 2 -192 -192 
00050_TE_3976x2652_8bit_sRGB.png_0.75 2 7 7 
00050_TE_3976x2652_8bit_sRGB.png_1.0 3 -286 -286 
