000000000009.png_0.12 0 146 146 
000000000009.png_0.25 1 -236 -236 
000000000009.png_0.5 1 184 184 
000000000009.png_0.75 2 -285 -285 
000000000009.png_1.0 2 -12 -12 
000000000009_flip.png_0.12 0 145 145 
000000000009_flip.png_0.25 1 -236 -236 
000000000009_flip.png_0.5 1 182 182 
000000000009_flip.png_0.75 2 -288 -288 
000000000009_flip.png_1.0 2 -19 -19 
000000000071.png_0.12 1 -694 -694 
000000000071.png_0.25 1 -248 -248 
000000000071.png_0.5 1 157 157 
000000000071.png_0.75 2 -374 -374 
000000000071.png_1.0 2 -79 -79 
zero.png_0.12 2 281 281 
zero.png_0.25 2 484 484 
zero.png_0.5 2 670 670 
zero.png_0.75 2 919 919 
zero.png_1.0 2 1010 1010 
